-405.244442
1.000000000000000000e+00 3.272079999999999700e+01 9.521249999999999991e-01
2.000000000000000000e+00 2.780409999999999826e+01 5.337200000000000277e-02
2.000000000000000000e+00 1.440199999999999925e+01 -8.419999999999999750e-04
3.000000000000000000e+00 4.025930000000000319e+01 7.163000000000000096e-03
3.000000000000000000e+00 1.082670000000000066e+01 -1.710000000000000094e-04
3.000000000000000000e+00 7.443500000000000227e+00 -3.399999999999999973e-05
3.000000000000000000e+00 5.089400000000000368e+00 0.000000000000000000e+00
4.000000000000000000e+00 1.706980000000000075e+01 6.780000000000000002e-04
4.000000000000000000e+00 3.028200000000000003e+00 -3.000000000000000076e-06
4.000000000000000000e+00 1.996499999999999941e+00 3.000000000000000076e-06
4.000000000000000000e+00 1.344500000000000028e+00 -9.999999999999999547e-07
