-46.236154
2.000000000000000000e+00 3.237199999999999989e+01 7.465900000000000314e-02
2.000000000000000000e+00 1.222269999999999968e+01 6.854139999999999677e-01
3.000000000000000000e+00 2.660699999999999932e+01 1.652180000000000037e-01
3.000000000000000000e+00 8.725799999999999557e+00 1.814599999999999894e-02
3.000000000000000000e+00 5.841000000000000192e+00 -1.140000000000000063e-04
3.000000000000000000e+00 4.084900000000000198e+00 7.550000000000000287e-04
4.000000000000000000e+00 2.149190000000000111e+01 1.125189999999999940e-01
4.000000000000000000e+00 2.544399999999999995e+00 -6.000000000000000152e-05
4.000000000000000000e+00 1.587299999999999933e+00 2.699999999999999899e-05
4.000000000000000000e+00 1.028000000000000025e+00 -1.000000000000000082e-05
