-52.150327
1.000000000000000000e+00 3.272079999999999700e+01 -2.960960000000000258e-01
2.000000000000000000e+00 2.780409999999999826e+01 -2.092509999999999926e-01
2.000000000000000000e+00 1.440199999999999925e+01 9.988590000000000524e-01
3.000000000000000000e+00 4.025930000000000319e+01 -2.190000000000000106e-04
3.000000000000000000e+00 1.082670000000000066e+01 1.167979999999999990e-01
3.000000000000000000e+00 7.443500000000000227e+00 -7.408999999999999787e-03
3.000000000000000000e+00 5.089400000000000368e+00 3.297000000000000017e-03
4.000000000000000000e+00 1.706980000000000075e+01 1.002959999999999963e-01
4.000000000000000000e+00 3.028200000000000003e+00 -4.270000000000000249e-04
4.000000000000000000e+00 1.996499999999999941e+00 2.449999999999999921e-04
4.000000000000000000e+00 1.344500000000000028e+00 -8.200000000000000095e-05
