-7.19099
1.000000000000000000e+00 3.272079999999999700e+01 -1.141199999999999992e-01
2.000000000000000000e+00 2.780409999999999826e+01 -9.482500000000000651e-02
2.000000000000000000e+00 1.440199999999999925e+01 4.589920000000000111e-01
3.000000000000000000e+00 4.025930000000000319e+01 -6.199999999999999999e-04
3.000000000000000000e+00 1.082670000000000066e+01 1.210809999999999942e-01
3.000000000000000000e+00 7.443500000000000227e+00 -6.092009999999999925e-01
3.000000000000000000e+00 5.089400000000000368e+00 -6.136479999999999713e-01
4.000000000000000000e+00 1.706980000000000075e+01 1.118080000000000046e-01
4.000000000000000000e+00 3.028200000000000003e+00 -8.224000000000000407e-03
4.000000000000000000e+00 1.996499999999999941e+00 1.917000000000000084e-03
4.000000000000000000e+00 1.344500000000000028e+00 -5.599999999999999509e-04
