-5.161593
2.000000000000000000e+00 3.237199999999999989e+01 -1.360300000000000051e-02
2.000000000000000000e+00 1.222269999999999968e+01 -4.353259999999999907e-01
3.000000000000000000e+00 2.660699999999999932e+01 -2.151499999999999940e-02
3.000000000000000000e+00 8.725799999999999557e+00 2.522289999999999810e-01
3.000000000000000000e+00 5.841000000000000192e+00 6.234579999999999567e-01
3.000000000000000000e+00 4.084900000000000198e+00 2.973669999999999924e-01
4.000000000000000000e+00 2.149190000000000111e+01 3.213999999999999843e-03
4.000000000000000000e+00 2.544399999999999995e+00 3.686000000000000040e-03
4.000000000000000000e+00 1.587299999999999933e+00 2.840000000000000185e-04
4.000000000000000000e+00 1.028000000000000025e+00 3.000000000000000076e-05
