-0.287351
2.000000000000000000e+00 3.237199999999999989e+01 -2.240999999999999936e-03
2.000000000000000000e+00 1.222269999999999968e+01 -9.095699999999999619e-02
3.000000000000000000e+00 2.660699999999999932e+01 -2.949999999999999931e-03
3.000000000000000000e+00 8.725799999999999557e+00 5.683900000000000063e-02
3.000000000000000000e+00 5.841000000000000192e+00 1.452759999999999885e-01
3.000000000000000000e+00 4.084900000000000198e+00 4.521900000000000225e-02
4.000000000000000000e+00 2.149190000000000111e+01 1.935000000000000088e-03
4.000000000000000000e+00 2.544399999999999995e+00 -2.990399999999999725e-01
4.000000000000000000e+00 1.587299999999999933e+00 -5.430129999999999679e-01
4.000000000000000000e+00 1.028000000000000025e+00 -2.830079999999999818e-01
