-0.55336
1.000000000000000000e+00 3.272079999999999700e+01 -2.925799999999999929e-02
2.000000000000000000e+00 2.780409999999999826e+01 -2.484000000000000097e-02
2.000000000000000000e+00 1.440199999999999925e+01 1.203240000000000004e-01
3.000000000000000000e+00 4.025930000000000319e+01 -1.420000000000000092e-04
3.000000000000000000e+00 1.082670000000000066e+01 3.650199999999999972e-02
3.000000000000000000e+00 7.443500000000000227e+00 -1.914129999999999998e-01
3.000000000000000000e+00 5.089400000000000368e+00 -1.826490000000000058e-01
4.000000000000000000e+00 1.706980000000000075e+01 3.252300000000000330e-02
4.000000000000000000e+00 3.028200000000000003e+00 3.527529999999999832e-01
4.000000000000000000e+00 1.996499999999999941e+00 5.466699999999999893e-01
4.000000000000000000e+00 1.344500000000000028e+00 2.324189999999999867e-01
