-1177.186285
1.000000000000000000e+00 5.392320000000000135e+01 -9.646449999999999747e-01
2.000000000000000000e+00 4.637780000000000058e+01 -4.134999999999999787e-02
2.000000000000000000e+00 2.532000000000000028e+01 2.076999999999999853e-03
3.000000000000000000e+00 6.713599999999999568e+01 -3.874999999999999972e-03
3.000000000000000000e+00 1.653000000000000114e+01 -6.299999999999999990e-05
3.000000000000000000e+00 1.174300000000000033e+01 2.730000000000000222e-04
4.000000000000000000e+00 3.119819999999999993e+01 -9.499999999999999981e-04
4.000000000000000000e+00 7.756400000000000183e+00 1.099999999999999971e-05
4.000000000000000000e+00 5.595900000000000318e+00 -1.000000000000000082e-05
5.000000000000000000e+00 1.431349999999999945e+01 -1.530000000000000056e-04
5.000000000000000000e+00 3.687600000000000211e+00 3.999999999999999819e-06
5.000000000000000000e+00 2.505799999999999805e+00 -1.999999999999999909e-06
5.000000000000000000e+00 1.711100000000000065e+00 0.000000000000000000e+00
