-169.660337
2.000000000000000000e+00 5.710790000000000077e+01 5.372999999999999998e-02
2.000000000000000000e+00 2.209209999999999852e+01 7.733290000000000441e-01
3.000000000000000000e+00 4.763750000000000284e+01 1.190940000000000054e-01
3.000000000000000000e+00 1.327069999999999972e+01 -9.089999999999999773e-04
3.000000000000000000e+00 9.706300000000000594e+00 5.379999999999999583e-04
4.000000000000000000e+00 3.920340000000000202e+01 8.613899999999999335e-02
4.000000000000000000e+00 6.987099999999999866e+00 -2.640000000000000202e-04
4.000000000000000000e+00 4.920600000000000307e+00 3.100000000000000135e-05
5.000000000000000000e+00 2.098529999999999873e+01 8.996999999999999789e-03
5.000000000000000000e+00 3.252200000000000202e+00 -1.299999999999999920e-05
5.000000000000000000e+00 2.102100000000000080e+00 7.999999999999999638e-06
5.000000000000000000e+00 1.365199999999999969e+00 -1.999999999999999909e-06
