-180.94921
1.000000000000000000e+00 5.392320000000000135e+01 3.132619999999999849e-01
2.000000000000000000e+00 4.637780000000000058e+01 2.330289999999999861e-01
2.000000000000000000e+00 2.532000000000000028e+01 -9.985969999999999569e-01
3.000000000000000000e+00 6.713599999999999568e+01 1.689999999999999879e-04
3.000000000000000000e+00 1.653000000000000114e+01 -3.049080000000000124e-01
3.000000000000000000e+00 1.174300000000000033e+01 2.929590000000000249e-01
4.000000000000000000e+00 3.119819999999999993e+01 -1.110079999999999956e-01
4.000000000000000000e+00 7.756400000000000183e+00 -3.955000000000000182e-03
4.000000000000000000e+00 5.595900000000000318e+00 1.165000000000000020e-03
5.000000000000000000e+00 1.431349999999999945e+01 -1.300489999999999979e-01
5.000000000000000000e+00 3.687600000000000211e+00 -2.149999999999999947e-04
5.000000000000000000e+00 2.505799999999999805e+00 1.010000000000000020e-04
5.000000000000000000e+00 1.711100000000000065e+00 -3.000000000000000076e-05
