-33.122299
2.000000000000000000e+00 5.710790000000000077e+01 2.900000000000000017e-04
2.000000000000000000e+00 2.209209999999999852e+01 6.242529999999999468e-01
3.000000000000000000e+00 4.763750000000000284e+01 -1.050700000000000071e-02
3.000000000000000000e+00 1.327069999999999972e+01 -9.320850000000000524e-01
3.000000000000000000e+00 9.706300000000000594e+00 -3.639220000000000232e-01
4.000000000000000000e+00 3.920340000000000202e+01 -2.781399999999999845e-02
4.000000000000000000e+00 6.987099999999999866e+00 -2.337000000000000102e-03
4.000000000000000000e+00 4.920600000000000307e+00 -1.283999999999999985e-03
5.000000000000000000e+00 2.098529999999999873e+01 9.254099999999999826e-02
5.000000000000000000e+00 3.252200000000000202e+00 1.749999999999999982e-04
5.000000000000000000e+00 2.102100000000000080e+00 -4.000000000000000327e-05
5.000000000000000000e+00 1.365199999999999969e+00 2.500000000000000120e-05
