-37.934455
1.000000000000000000e+00 5.392320000000000135e+01 1.395480000000000054e-01
2.000000000000000000e+00 4.637780000000000058e+01 1.233559999999999934e-01
2.000000000000000000e+00 2.532000000000000028e+01 -5.337450000000000250e-01
3.000000000000000000e+00 6.713599999999999568e+01 4.110000000000000155e-04
3.000000000000000000e+00 1.653000000000000114e+01 -4.365399999999999836e-01
3.000000000000000000e+00 1.174300000000000033e+01 1.788202000000000069e+00
4.000000000000000000e+00 3.119819999999999993e+01 -1.243269999999999931e-01
4.000000000000000000e+00 7.756400000000000183e+00 1.718400000000000136e-02
4.000000000000000000e+00 5.595900000000000318e+00 -6.210000000000000242e-04
5.000000000000000000e+00 1.431349999999999945e+01 -3.152579999999999827e-01
5.000000000000000000e+00 3.687600000000000211e+00 2.439999999999999949e-04
5.000000000000000000e+00 2.505799999999999805e+00 -1.769999999999999926e-04
5.000000000000000000e+00 1.711100000000000065e+00 3.699999999999999811e-05
