-5.473347
2.000000000000000000e+00 5.710790000000000077e+01 1.430799999999999954e-02
2.000000000000000000e+00 2.209209999999999852e+01 -4.274680000000000146e-01
3.000000000000000000e+00 4.763750000000000284e+01 4.662999999999999784e-02
3.000000000000000000e+00 1.327069999999999972e+01 7.261360000000000037e-01
3.000000000000000000e+00 9.706300000000000594e+00 1.482330000000000036e-01
4.000000000000000000e+00 3.920340000000000202e+01 6.123499999999999777e-02
4.000000000000000000e+00 6.987099999999999866e+00 -6.711319999999999508e-01
4.000000000000000000e+00 4.920600000000000307e+00 -5.095960000000000489e-01
5.000000000000000000e+00 2.098529999999999873e+01 -1.531480000000000063e-01
5.000000000000000000e+00 3.252200000000000202e+00 -1.493200000000000083e-02
5.000000000000000000e+00 2.102100000000000080e+00 -2.000000000000000164e-05
5.000000000000000000e+00 1.365199999999999969e+00 -5.770000000000000389e-04
