-7.244349
1.000000000000000000e+00 5.392320000000000135e+01 6.292399999999999383e-02
2.000000000000000000e+00 4.637780000000000058e+01 5.789400000000000102e-02
2.000000000000000000e+00 2.532000000000000028e+01 -2.508329999999999727e-01
3.000000000000000000e+00 6.713599999999999568e+01 1.399999999999999877e-04
3.000000000000000000e+00 1.653000000000000114e+01 -2.199170000000000014e-01
3.000000000000000000e+00 1.174300000000000033e+01 1.016647999999999996e+00
4.000000000000000000e+00 3.119819999999999993e+01 -6.886699999999999766e-02
4.000000000000000000e+00 7.756400000000000183e+00 -5.812899999999999734e-01
4.000000000000000000e+00 5.595900000000000318e+00 -6.753350000000000186e-01
5.000000000000000000e+00 1.431349999999999945e+01 -5.173500000000000321e-02
5.000000000000000000e+00 3.687600000000000211e+00 -1.739399999999999974e-02
5.000000000000000000e+00 2.505799999999999805e+00 2.308000000000000156e-03
5.000000000000000000e+00 1.711100000000000065e+00 -7.789999999999999616e-04
