-0.403173
2.000000000000000000e+00 5.710790000000000077e+01 -5.622000000000000261e-03
2.000000000000000000e+00 2.209209999999999852e+01 1.409759999999999902e-01
3.000000000000000000e+00 4.763750000000000284e+01 -1.785499999999999934e-02
3.000000000000000000e+00 1.327069999999999972e+01 -2.431550000000000100e-01
3.000000000000000000e+00 9.706300000000000594e+00 -3.865299999999999986e-02
4.000000000000000000e+00 3.920340000000000202e+01 -2.296700000000000130e-02
4.000000000000000000e+00 6.987099999999999866e+00 2.553159999999999874e-01
4.000000000000000000e+00 4.920600000000000307e+00 1.474010000000000042e-01
5.000000000000000000e+00 2.098529999999999873e+01 5.648500000000000049e-02
5.000000000000000000e+00 3.252200000000000202e+00 -4.109349999999999947e-01
5.000000000000000000e+00 2.102100000000000080e+00 -5.438920000000000421e-01
5.000000000000000000e+00 1.365199999999999969e+00 -2.107660000000000089e-01
