-0.821109
1.000000000000000000e+00 5.392320000000000135e+01 2.140299999999999842e-02
2.000000000000000000e+00 4.637780000000000058e+01 1.983400000000000094e-02
2.000000000000000000e+00 2.532000000000000028e+01 -8.600700000000000012e-02
3.000000000000000000e+00 6.713599999999999568e+01 6.499999999999999431e-05
3.000000000000000000e+00 1.653000000000000114e+01 -7.859199999999999520e-02
3.000000000000000000e+00 1.174300000000000033e+01 3.650550000000000184e-01
4.000000000000000000e+00 3.119819999999999993e+01 -2.401100000000000109e-02
4.000000000000000000e+00 7.756400000000000183e+00 -2.756460000000000021e-01
4.000000000000000000e+00 5.595900000000000318e+00 -2.613590000000000080e-01
5.000000000000000000e+00 1.431349999999999945e+01 -6.854999999999999982e-03
5.000000000000000000e+00 3.687600000000000211e+00 4.421240000000000170e-01
5.000000000000000000e+00 2.505799999999999805e+00 5.496060000000000390e-01
5.000000000000000000e+00 1.711100000000000065e+00 1.782440000000000135e-01
