-40.4785
1.000000000000000000e+00 1.533189999999999920e+01 3.871669999999999834e-01
1.000000000000000000e+00 9.090199999999999392e+00 4.342779999999999974e-01
2.000000000000000000e+00 1.320129999999999981e+01 2.130269999999999941e-01
2.000000000000000000e+00 4.744399999999999729e+00 2.204999999999999929e-03
2.000000000000000000e+00 3.151600000000000179e+00 6.269999999999999532e-04
2.000000000000000000e+00 2.404700000000000060e+00 -4.399999999999999886e-05
3.000000000000000000e+00 2.842729999999999890e+01 -6.489999999999999459e-04
3.000000000000000000e+00 1.317900000000000071e+00 2.599999999999999840e-05
3.000000000000000000e+00 8.911000000000000032e-01 -2.300000000000000002e-05
3.000000000000000000e+00 6.679000000000000492e-01 7.999999999999999638e-06
