-2.797026
1.000000000000000000e+00 1.533189999999999920e+01 5.372199999999999892e-02
1.000000000000000000e+00 9.090199999999999392e+00 -4.307940000000000103e-01
2.000000000000000000e+00 1.320129999999999981e+01 5.365400000000000030e-02
2.000000000000000000e+00 4.744399999999999729e+00 3.479709999999999748e-01
2.000000000000000000e+00 3.151600000000000179e+00 6.088900000000000423e-01
2.000000000000000000e+00 2.404700000000000060e+00 1.574619999999999909e-01
3.000000000000000000e+00 2.842729999999999890e+01 2.799999999999999755e-04
3.000000000000000000e+00 1.317900000000000071e+00 -4.920000000000000328e-04
3.000000000000000000e+00 8.911000000000000032e-01 4.569999999999999952e-04
3.000000000000000000e+00 6.679000000000000492e-01 1.599999999999999928e-05
