-0.182102
1.000000000000000000e+00 1.533189999999999920e+01 1.156800000000000016e-02
1.000000000000000000e+00 9.090199999999999392e+00 -7.242999999999999439e-02
2.000000000000000000e+00 1.320129999999999981e+01 1.116400000000000031e-02
2.000000000000000000e+00 4.744399999999999729e+00 5.767900000000000110e-02
2.000000000000000000e+00 3.151600000000000179e+00 8.983700000000000019e-02
2.000000000000000000e+00 2.404700000000000060e+00 4.211399999999999866e-02
3.000000000000000000e+00 2.842729999999999890e+01 -9.999999999999999547e-07
3.000000000000000000e+00 1.317900000000000071e+00 -1.826270000000000115e-01
3.000000000000000000e+00 8.911000000000000032e-01 -4.716310000000000224e-01
3.000000000000000000e+00 6.679000000000000492e-01 -4.088169999999999860e-01
