-68.812456
1.000000000000000000e+00 1.950169999999999959e+01 3.770060000000000078e-01
1.000000000000000000e+00 1.175389999999999979e+01 4.544610000000000039e-01
2.000000000000000000e+00 1.696640000000000015e+01 2.006759999999999933e-01
2.000000000000000000e+00 6.369299999999999962e+00 1.490000000000000005e-03
2.000000000000000000e+00 4.574799999999999756e+00 1.201000000000000028e-03
2.000000000000000000e+00 3.371199999999999974e+00 -4.539999999999999765e-04
3.000000000000000000e+00 3.657639999999999958e+01 -5.069999999999999637e-04
3.000000000000000000e+00 2.499600000000000044e+00 1.029999999999999964e-04
3.000000000000000000e+00 1.662700000000000067e+00 -5.300000000000000078e-05
3.000000000000000000e+00 1.181200000000000028e+00 1.299999999999999920e-05
