-6.156538
1.000000000000000000e+00 1.950169999999999959e+01 6.422200000000000131e-02
1.000000000000000000e+00 1.175389999999999979e+01 -4.726310000000000233e-01
2.000000000000000000e+00 1.696640000000000015e+01 5.538300000000000167e-02
2.000000000000000000e+00 6.369299999999999962e+00 2.337990000000000068e-01
2.000000000000000000e+00 4.574799999999999756e+00 7.819190000000000307e-01
2.000000000000000000e+00 3.371199999999999974e+00 9.662700000000000455e-02
3.000000000000000000e+00 3.657639999999999958e+01 2.570000000000000127e-04
3.000000000000000000e+00 2.499600000000000044e+00 -1.832000000000000078e-03
3.000000000000000000e+00 1.662700000000000067e+00 8.790000000000000070e-04
3.000000000000000000e+00 1.181200000000000028e+00 -3.300000000000000253e-05
