-0.539842
1.000000000000000000e+00 1.950169999999999959e+01 2.352800000000000030e-02
1.000000000000000000e+00 1.175389999999999979e+01 -1.362069999999999947e-01
2.000000000000000000e+00 1.696640000000000015e+01 1.966299999999999992e-02
2.000000000000000000e+00 6.369299999999999962e+00 7.436199999999999755e-02
2.000000000000000000e+00 4.574799999999999756e+00 1.225799999999999945e-01
2.000000000000000000e+00 3.371199999999999974e+00 2.061800000000000022e-01
3.000000000000000000e+00 3.657639999999999958e+01 4.800000000000000122e-05
3.000000000000000000e+00 2.499600000000000044e+00 -3.190629999999999855e-01
3.000000000000000000e+00 1.662700000000000067e+00 -5.625780000000000225e-01
3.000000000000000000e+00 1.181200000000000028e+00 -2.804710000000000258e-01
